1,2,3,1
1,2,4
5,1,3,6,7
5,1,3
4,5,1,2,8
19,128,127
12,32,58
149,147
65,93,127,127
119,147,118
52,150,134
110,121,122,116
81,83,86
75,78,88
4,107,50
48,47,25
23,106,141
108,1,72
5,7,9
38,27,95
13,58,60,32
140,145,101
6,9,10
69,150,32
76,77,91
65,20,128
144,1,2
112,116,122
96,135,28
54,32,127
74,80,73
102,106,121
107,100,99
14,124,93
90,87,88
110,116,122
52,150,58
5,7,6
65,20,64
131,63,126,59
43,143,106
108,50,1
114,116,121
39,1,2
56,20,18,64,128
14,59,125
41,143,105
57,87,90,91,122,116
16,49,128,93
51,127,150,34
69,127,124,93,50,108
141,143,105,106,22
44,79,74,80
4,39,3,109,108
107,43,143,72
120,118,22,143
12,37,135,63,59,61,58
130,26,132,29
19,34,134,150
7,5,9,10,92
18,35,34,58,93,34
133,7,6,134
40,1,2,102,108,50
15,36,35,37,136,134
112,116,121,72
55,150,134
67,35,127,93,14,125
15,123,63
13,40,22,143,59,125,38
27,38,95,93
43,143,1,106,71
9,5,7,10,93
29,52,132,136
140,109,22,143
119,140,121,118
96,28,136
65,20,34,124,93
69,59,127,150
67,32,127,34,150
16,20,20,64,128
69,127,124,150
70,34,93,150
68,93,34,127,32
51,32,150,34,93
67,127,134,32,34
65,20,64,49,128
19,59,150,93
68,134,34,150
14,93,63,123,61,58,36,37,38
130,59,63,125,58,38,37,36
13,61,63,59,60,37,38
12,58,61,63,32,38,36
131,61,125,93,58,136,37
11,123,32,125,37,29
15,58,134,58,63,37
129,59,61,93,60,63
130,134,124,58,63,61,37
13,59,38,59,58,61,63
15,37,59,93,60,125
48,143,108,3,31
46,143,139,106,108
41,137,109,50,4,40
44,143,80,74
42,143,105,50,108
46,105,2,138,31
43,106,143,2,109
22,143,105,1,39,52
25,105,143,108,109,99,71
7,5,6,9,10
95,27,38,28
148,147,117,91
4,3,24,97
27,38,95,28
41,143,106,139,72
141,106,108,1
113,116,122,41,31
5,7,9,10,27,95
23,143,106,3,2,30
11,63,93,60,124,61
53,38,150,27,95
56,20,128,93
6,5,133,10,9
18,34,124,150
87,90,91
103,143,105,71,1
110,116,122,24,106
94,95,38,132
81,86,83,82,85
76,88,77,91
74,80,44,91
41,105,143,1,72
83,81,85,84,82
26,95,132,28
7,5,6,7,9
21,143,106,4,40
12,32,58,134
17,20,128
56,20,128
14,93,58,125
114,122,116
7,5,9
120,118,121
104,143,4
53,38,150
139,48,143,106
46,138,108
75,78,88
76,77,91,88
90,87,91
45,105,39
27,38,95
24,143,105,4,39
13,59,61,63
11,124,58,125
15,37,63
129,63,93,61
19,150,34,150
56,20,128
23,106,2
3,4,108
100,97,31
25,105,3
103,105,72
45,45,143,106,50,108
14,125,93,63
112,116,122
148,117,121
149,147,121
148,117,121
148,117,121
149,147,121
149,147,121
148,117,121
149,147,121
74,44,80
84,86,81,83
84,81,85,82
84,81,83
84,83,82,86
84,81,85,83
84,81,82,83
84,81,82
84,81,86,83
84,81,85,83
84,81,83
84,81,83,82
75,75,88,78
75,78,88
75,75,75,78,88
53,38,55
52
53,38,54,55
53,53,53,53
52
52,38,53
52,55,38
94,95,38
27,95,38
114,116,116,116,122
110,116,122
113,116,122
120,118,121
76,77,88
52,38,29
133,6,7
25,105,108,2
12,58,32,60
70,34,93
19,150,34
56,20,128
2,1,108
107,1,2,97,108
139,106,4,1
101,145,140
140,101,145
145,101,140
101,140,145
140,101,145
138,46,108
138,46,108
97,107,108
30,1,108
2,1,71
107,1,2,3
107,1,2,3,4
107,1,2,3,4
108,1,2,103,106
41,143,105,2,39
22,143,106,3,72
43,106,143,108,72
21,106,143,1,39
25,105,108,72
120,118,121
119,118,121
119,118,121
120,118,121
119,118,121
119,118,121
119,119,119,119,118,121
120,118,121
120,118,121
14,93,63,125,125
129,61,93,58
130,37,60,63,58
56,20,128
3,3,3,2,4,40
101,101,101,145,140
69,127,150
92,7,10,133
6,5,7
10,5,9
7,7,9,6
10,10,5,6,133
94,38,95
86,81,83,84
148,117,121
149,121,147
75,78,88
74,44,80
84,81,82,83
21,106,143
108,1,2
15,37,61,63
50,108,1,2
46,138,108
145,140,146
51,150,34
66,20,128
11,124,60,15
24,4,106,143
2,1,39
99,1,31
7,5,6
6,5,7
10,5,9
119,118,121
3,1,2,108
42,106,143
24,106,143
48,143,105
50,108,139
144,1,2,108
19,34,150
17,20,128
68,34,93
19,34,150
16,128,20
18,34,150
70,34,93
67,32,150,93
15,37,63,61
12,58,32
130,125,58
131,125,58
131,58,125
13,63,61,59
129,61,63
15,37,63,63
14,125,93
12,58,32,63
15,37,63
14,125,93,58
12,58,32
11,124,58,60
46,138,108
42,143,106,99,1
46,108,1
23,106,2
141,106,1
4,1,2
45,106,143
50,108,72
3,2,40
140,101,145
99,1,40
137,1,71
92,7,5
133,6,7
5,7,9,10
94,38,95
75,78,88
148,117,121
149,121,147
81,83,84
74,44,80
76,77,88,91
85,81,82
113,116,122
57,116,122
67,32,127
70,34,93
68,34,93
16,20,128
69,127,150
65,20,128
129,61,63
12,58,32
13,59,38,61
130,37,61
15,15,61,60,63
14,93,125
11,60,58
25,105,108
48,143,106
24,106,4,143
45,106,143
104,106,1,40
102,106,2,31
21,106,1,72
141,106,2,30
43,106,107,30
103,105,1,31
25,105,108,1,1,1,40
46,108,138,72
4,1,71
50,108,72
107,1,2,72
140,101,145
100,21,106
70,34,93
56,20,128
18,34,150
16,20,128
42,106,143
17,17,128,20
139,106,143
48,143,105
25,105,108
21,106,143
10,5,6
49,128
1,2,4
4,2,3
69,127
138,46,108
142,80,74
3,1,2
145,101,140
17
19,34,150
67,32,34
56,56,56,128,20
70,34,59
14,93,58
131,58,125
15,37,58,59
11,60,124
12,32,58
129,61,63
11,60
13,63,61,59
15,37
137,1,2
11,60
139,106,4,108
107,72,4
7,5,6
25,105,108,40
22,143,3,71
41,143,105,4,40
47,1,108,39
46,108,108
14,125,93
1,2,108
42,106,1,72
1,2,39
1,2,72
2,1,39
4,1,40
1,2,3,72
50,108,39
107,1,2,39
99,1,108
137,1,72
100,98,72
4,2,72
139,22,106,143
1,2,72
137,1,108,40
1,2,72
108,1,39
3,1,39
4,1,39
108,1,39
145,101,140
99,1,72
97,107,108,39
43
102
24
21
129
19,114
46
70,69,128
30,109,24
14,59,61
3,99,48
9,10
134,34
64,56
74,73,73
43,106
113,116,122
1,108
131,60,58
52,150
108,23,1
130,59
39,4,107
6,5
27,95
67,128,37
115,116,121
83,86,82,81,84
55,58
144,145
110,118
148,147
56,49
68,33
7,8
94,38,95
75,78
2,97,100
72,39
67,127
12,125
103,105
96,28
10,9,7,5,6,6,92
69,150,20
4,108,31,47
131,124
132
88
72,108
3,31
15,63
54,150
74,79
8,92
149,117
17,34
97,98
1,107
58,59
23,106,109
26,32
28,96
15,58,125
148,117
5,132
81,84,83
112,116
53,150
120,118
149,121,147
18,150
40,109,99,99
18,59,127
11,125,124
26,37
52,150
81,84
18,34
14,38
120,118
109,1,107
53,150
18,20
112,116
1,109
2,100
48,105
27,132
68,127
114,122,116
74,80
49,108
76,77
27,37
111,122,116
120,118
11,125
145,109
103,106
120,118,109
19,127
148,117
7,6
115,116
130,63,61
149,117
2,1
142,74
20,1
53,150
131,60,32
52,150
69,128
57,116,122
40,1
12,60
13,61
82,84
60,59
68,127
52,150
69,128
31,136
53,150
65,33
2,1
7,7,8
105,42
6,5
13,125
73,74
119,120
40,134
107,108,108
47,105
52,150
126,70
56,127
24,106
9,10
86,1
31,149
51,70
57,38
83,84
78,1
14,3
91,90
23,2
44,76
132,70
67,70
42,2
149,121
18,32
68,127
65,70
19,49
129,72,26
141,141,3
31,2
21,41
68,127
143,104
11,125
125,1
149,147
94,37
83,84,81
112,116
119,118
57,122,116
113,116,122
65,64,150
1,108
54,150
55,150
149,147
94,37
149,117
83,84,81
66,127,150
68,127,150
73,74
120,118
119,118
114,116
119,118
130,58,124
148,117
113,116,122
57,116,122
13,60
30,1
132,107
2,107
94,37
12,58
16,150
102,106
112,116,122
6,1,2
5,10
149,147,109
40,1
129,60,61
27,37
54,150
119,118
30,2
12,58,32
8,92
59,125
55,150
54,150
119,118
120,118
112,116,122
115,116,122
120,118
54,150
26,37
67,150,34
19,150,34
65,64,150
56,150,64,34
20,150
17,128,64
51,150,34
133,8,10
26,95
148,117
70,150,34
27,95
28,96
67,150,34
68,127,34,150
14,63,61,32
66,150,64
40,71
74,79
75,78
21,106,108
17,150,64
68,127,150,34
139,108
65,128,150
69,128,150
129,60,63
31,108
12,124,61
129,60,63,58
131,60,58
27,95
3,1,100
87,90
46,106
63,61
110,116,122
111,116
43,105
67,150,34
129,60,58
13,60,61
54,150
92,8
30,140
51,150,34
129,60,58
137,108
59,58
68,127,150
17,150
148,117
11,125,5
18,70
16,64
4,2
46,4
12,33
150,70
91,87
66,150
30,70
46,143
141,73
12,12,70
36,55
110,113
119,118
92,8
69,128
39,30
109,1
43,105
65,150,34,64
17,34,64
70,128,150,34
70,150,34
19,150,34,128
90,87,91
90,87,91
76,77
74,79
82,84,83
87,91
75,78
74,79,80
74,79,80
74,80,79
74,79,80,73
74,79,80,73
79,74,74,73
74,79,73
73,74,80
74,79,73
73,74,106
73,106
74,73,106
74,73,106
73,74,106
73,106
73,106
73,106
73,106
73,106
44,106,79
73,74,106
44,106,80
44,106,74
44,106,74,79,80
142,106,74,80
142,106
142,106
73,106
73,106,80
74,73,106
86,108
86,109
86,109
86,109
86,109
86,109
80,74
41,106
41,106
42,106
42,106
42,106
42,106
44,106,74
44,106,74,80
44,106
41,106
25,106,105
22,105
22,105,108
22,105,108
43,105,108
43,105,108
22,105
43,105,108
42,106,108
42,106,108
86,109
87,91
23,106
41,106
24,105,97
103,105
24,105
25,105
25,105
104,105,106
104,105,106
104,106,105
48,105
48,105
21,105,106
21,106,105
21,106,105
102,106,105
102,106,105
24,105
24,105
43,105,108
101,140
1,4,2
1,4
1,4
1,4
1,4
1,4
1,4,108
1,4,108
109,108,146
109,108,146
109,108,146
109,108,146
109,108,146
109,108
109,108
109,108
99,50,97,98
99,97,50,98
99,97,50,98
99,50
67,34,150
67,34,150
67,34,150
67,150
139,108
139,108
3,2,99,100
3,2,50
3,2,50
3,2,50
2,99
2,99
2,99
3,2
149,117,43
149,117
149,117,147
149,117,147
149,117
149,147
149,147
149,147,117
149,117,147
148,117,147
148,147
148,147
148,147
148,147
120,118
119,118
113,116,122
111,116,122
111,116,122
111,116,122
112,116,122
112,116,122
112,116,122
12,58,125
132,93
149,117
68,128,34
67,150
103,106
112,116
120,121
68,127,150,34
68,127,150,34
68,34,150
51,127
19,150,34
19,34,128
56,64,128
19,34,150
20,150
13,125,58
112,122,116
43,105,108
68,127,127,34
81,83
72,108
70
55,93
19,34,150
18,150,34,128
18,128,150,34
19,150,34,128
19,128
19,128
18,150,34
18,34,150
18,34,150
19,150,34
19,34,150
128,34,150
150,34
1,4,2
1,4
66,150
31,108
31,108
66,150
112,116,122
51,34,150
149,16
65
130
31
149,40
12,32,58
70,20
12,32,14
70,20
95,38
17,109
15,63,27,65,119,132
58
6,147
42,106,72,25,120,115,5,17
21,84,35,54
